65
90
130
155
66
71
25
22
52
42
52
55
43
77
44
122
121
22
66
44
11
22
64
77
88
66
67
66
88
88
99
25
22
100
42
52
55
43
77
44
55
77
22
66
44
11
22
22
33
44
66
100
66
65
100
71
111
111
52
42
52
55
43
77
44
55
77
22
66
44
11
22
22
33
111
111
67
66
65
66
71
25
22
52
42
52
111
43
77
44
55
77
22
99
99
11
22
22
33
44
66
67
66
65
99
99
25
22
52
42
52
55
43
77
44
55
77
22
66
44
11
22
22
33
44
66
67
66
55
66
71
25
22
52
42
52
55
43
77
44
55
77
22
66
44
11
22
22
33
44
66
67
66
65
66
99
25
22
99
99
99
55
43
77
44
55
77
22
66
44
11
22
22
33
44
66
67
66
65
66
71
25
22
52
42
52
55
43
77
44
99
99
99
66
44
11
22
22
33
44
66
67
66
65
66
71
25
22
52
42
52
55
43
77
44
55
77
22
66
44
11
22
22
33
44
11
22
22
33
44